timestamp,question,SPD,CDU_CSU,GRUENE,FDP,AFD,LINKE,FW,BSW,SONSTIGE,date,error_margin
1731308332,"Wen würden Sie wählen, wenn am Sonntag Bundestagswahl wäre?",0.167,0.333,0.112,0.057,0.163,0.03,0.009,0.064,0.065,11.11.2024,0.025
1731400827,"Wen würden Sie wählen, wenn am Sonntag Bundestagswahl wäre?",0.169,0.331,0.112,0.057,0.163,0.029,0.01,0.065,0.064,12.11.2024,0.025
1731576570,"Wen würden Sie wählen, wenn am Sonntag Bundestagswahl wäre?",0.174,0.327,0.117,0.057,0.161,0.029,0.01,0.065,0.06,14.11.2024,0.025
1731657235,"Wen würden Sie wählen, wenn am Sonntag Bundestagswahl wäre?",0.173,0.321,0.123,0.056,0.167,0.028,0.009,0.065,0.058,15.11.2024,0.025
1731765580,"Wen würden Sie wählen, wenn am Sonntag Bundestagswahl wäre?",0.175,0.311,0.126,0.051,0.171,0.029,0.01,0.065,0.062,16.11.2024,0.025
1731765775,"Wen würden Sie wählen, wenn am Sonntag Bundestagswahl wäre?",0.175,0.311,0.126,0.051,0.171,0.029,0.01,0.065,0.062,16.11.2024,0.025
1731807889,"Wen würden Sie wählen, wenn am Sonntag Bundestagswahl wäre?",0.174,0.31,0.126,0.053,0.173,0.029,0.01,0.065,0.06,17.11.2024,0.025
1731894163,"Wen würden Sie wählen, wenn am Sonntag Bundestagswahl wäre?",0.172,0.308,0.125,0.054,0.172,0.029,0.01,0.064,0.066,18.11.2024,0.025
1731980453,"Wen würden Sie wählen, wenn am Sonntag Bundestagswahl wäre?",0.174,0.304,0.123,0.052,0.174,0.03,0.011,0.064,0.068,19.11.2024,0.025
1732066791,"Wen würden Sie wählen, wenn am Sonntag Bundestagswahl wäre?",0.169,0.303,0.122,0.049,0.181,0.031,0.012,0.064,0.069,20.11.2024,0.025
1732153177,"Wen würden Sie wählen, wenn am Sonntag Bundestagswahl wäre?",0.164,0.307,0.119,0.045,0.184,0.032,0.013,0.065,0.071,21.11.2024,0.025
1732239648,"Wen würden Sie wählen, wenn am Sonntag Bundestagswahl wäre?",0.161,0.31,0.12,0.043,0.187,0.033,0.014,0.065,0.067,22.11.2024,0.025
1732325879,"Wen würden Sie wählen, wenn am Sonntag Bundestagswahl wäre?",0.159,0.315,0.12,0.041,0.189,0.033,0.013,0.063,0.067,23.11.2024,0.025
1732412728,"Wen würden Sie wählen, wenn am Sonntag Bundestagswahl wäre?",0.153,0.318,0.117,0.04,0.192,0.034,0.013,0.064,0.069,24.11.2024,0.025
1732498938,"Wen würden Sie wählen, wenn am Sonntag Bundestagswahl wäre?",0.158,0.314,0.114,0.038,0.192,0.032,0.013,0.067,0.072,25.11.2024,0.025
1732585282,"Wen würden Sie wählen, wenn am Sonntag Bundestagswahl wäre?",0.152,0.314,0.117,0.039,0.195,0.036,0.012,0.065,0.07,26.11.2024,0.025
1732671769,"Wen würden Sie wählen, wenn am Sonntag Bundestagswahl wäre?",0.152,0.313,0.116,0.039,0.195,0.038,0.011,0.064,0.072,27.11.2024,0.025
1732758138,"Wen würden Sie wählen, wenn am Sonntag Bundestagswahl wäre?",0.151,0.314,0.119,0.039,0.193,0.039,0.01,0.061,0.074,28.11.2024,0.025
1732844542,"Wen würden Sie wählen, wenn am Sonntag Bundestagswahl wäre?",0.15,0.315,0.118,0.039,0.194,0.039,0.009,0.061,0.075,29.11.2024,0.025
1732930783,"Wen würden Sie wählen, wenn am Sonntag Bundestagswahl wäre?",0.151,0.31,0.118,0.039,0.193,0.039,0.009,0.062,0.079,30.11.2024,0.025
1733018207,"Wen würden Sie wählen, wenn am Sonntag Bundestagswahl wäre?",0.15,0.312,0.12,0.04,0.19,0.037,0.01,0.062,0.079,01.12.2024,0.025
1733103959,"Wen würden Sie wählen, wenn am Sonntag Bundestagswahl wäre?",0.152,0.315,0.122,0.04,0.188,0.037,0.009,0.061,0.076,02.12.2024,0.025
1733190256,"Wen würden Sie wählen, wenn am Sonntag Bundestagswahl wäre?",0.152,0.315,0.121,0.042,0.191,0.037,0.01,0.06,0.072,03.12.2024,0.025
1733276680,"Wen würden Sie wählen, wenn am Sonntag Bundestagswahl wäre?",0.154,0.319,0.123,0.042,0.185,0.036,0.01,0.058,0.073,04.12.2024,0.025
1733363073,"Wen würden Sie wählen, wenn am Sonntag Bundestagswahl wäre?",0.156,0.32,0.123,0.043,0.182,0.034,0.011,0.06,0.071,05.12.2024,0.025
1733449394,"Wen würden Sie wählen, wenn am Sonntag Bundestagswahl wäre?",0.16,0.317,0.124,0.042,0.181,0.032,0.014,0.065,0.065,06.12.2024,0.025
1733535750,"Wen würden Sie wählen, wenn am Sonntag Bundestagswahl wäre?",0.161,0.316,0.129,0.041,0.181,0.03,0.013,0.066,0.063,07.12.2024,0.025
1733622638,"Wen würden Sie wählen, wenn am Sonntag Bundestagswahl wäre?",0.161,0.314,0.128,0.042,0.182,0.033,0.014,0.065,0.061,08.12.2024,0.025
1733708869,"Wen würden Sie wählen, wenn am Sonntag Bundestagswahl wäre?",0.16,0.314,0.127,0.042,0.182,0.032,0.016,0.066,0.061,09.12.2024,0.025
1733795162,"Wen würden Sie wählen, wenn am Sonntag Bundestagswahl wäre?",0.16,0.311,0.129,0.043,0.184,0.032,0.016,0.063,0.062,10.12.2024,0.025
1733881482,"Wen würden Sie wählen, wenn am Sonntag Bundestagswahl wäre?",0.158,0.309,0.133,0.041,0.187,0.03,0.017,0.064,0.061,11.12.2024,0.025
1733967843,"Wen würden Sie wählen, wenn am Sonntag Bundestagswahl wäre?",0.158,0.311,0.131,0.042,0.188,0.03,0.015,0.063,0.062,12.12.2024,0.025
1734054337,"Wen würden Sie wählen, wenn am Sonntag Bundestagswahl wäre?",0.157,0.31,0.131,0.041,0.188,0.03,0.016,0.062,0.065,13.12.2024,0.025
1734140462,"Wen würden Sie wählen, wenn am Sonntag Bundestagswahl wäre?",0.158,0.308,0.13,0.041,0.191,0.031,0.016,0.06,0.065,14.12.2024,0.025
1734227424,"Wen würden Sie wählen, wenn am Sonntag Bundestagswahl wäre?",0.159,0.311,0.125,0.042,0.192,0.03,0.016,0.064,0.061,15.12.2024,0.025
1734313664,"Wen würden Sie wählen, wenn am Sonntag Bundestagswahl wäre?",0.161,0.314,0.123,0.041,0.192,0.029,0.015,0.066,0.059,16.12.2024,0.025
1734399848,"Wen würden Sie wählen, wenn am Sonntag Bundestagswahl wäre?",0.162,0.317,0.123,0.041,0.19,0.029,0.014,0.067,0.057,17.12.2024,0.025
1734572486,"Wen würden Sie wählen, wenn am Sonntag Bundestagswahl wäre?",0.161,0.317,0.121,0.038,0.193,0.031,0.015,0.065,0.059,19.12.2024,0.025
1734658593,"Wen würden Sie wählen, wenn am Sonntag Bundestagswahl wäre?",0.157,0.322,0.123,0.037,0.193,0.03,0.014,0.062,0.062,20.12.2024,0.025
1734744426,"Wen würden Sie wählen, wenn am Sonntag Bundestagswahl wäre?",0.158,0.323,0.127,0.038,0.193,0.03,0.012,0.059,0.06,21.12.2024,0.025
1734831720,"Wen würden Sie wählen, wenn am Sonntag Bundestagswahl wäre?",0.16,0.322,0.129,0.039,0.191,0.031,0.01,0.059,0.059,22.12.2024,0.025
1734917861,"Wen würden Sie wählen, wenn am Sonntag Bundestagswahl wäre?",0.157,0.323,0.13,0.039,0.19,0.029,0.01,0.062,0.06,23.12.2024,0.025
1735004142,"Wen würden Sie wählen, wenn am Sonntag Bundestagswahl wäre?",0.157,0.32,0.129,0.041,0.193,0.028,0.011,0.061,0.06,24.12.2024,0.025
1735090035,"Wen würden Sie wählen, wenn am Sonntag Bundestagswahl wäre?",0.157,0.32,0.126,0.041,0.199,0.028,0.01,0.062,0.057,25.12.2024,0.025
1735176465,"Wen würden Sie wählen, wenn am Sonntag Bundestagswahl wäre?",0.155,0.318,0.126,0.041,0.202,0.028,0.011,0.063,0.056,26.12.2024,0.025
1735263337,"Wen würden Sie wählen, wenn am Sonntag Bundestagswahl wäre?",0.156,0.316,0.128,0.042,0.202,0.028,0.011,0.06,0.057,27.12.2024,0.025
1735349185,"Wen würden Sie wählen, wenn am Sonntag Bundestagswahl wäre?",0.159,0.313,0.127,0.04,0.203,0.029,0.012,0.06,0.057,28.12.2024,0.025
1735436577,"Wen würden Sie wählen, wenn am Sonntag Bundestagswahl wäre?",0.16,0.312,0.128,0.041,0.202,0.028,0.011,0.06,0.058,29.12.2024,0.025
1735522709,"Wen würden Sie wählen, wenn am Sonntag Bundestagswahl wäre?",0.157,0.315,0.127,0.042,0.202,0.029,0.012,0.056,0.06,30.12.2024,0.025
1735608909,"Wen würden Sie wählen, wenn am Sonntag Bundestagswahl wäre?",0.157,0.313,0.127,0.041,0.204,0.03,0.012,0.055,0.061,31.12.2024,0.025
1735695765,"Wen würden Sie wählen, wenn am Sonntag Bundestagswahl wäre?",0.156,0.313,0.128,0.041,0.201,0.032,0.011,0.055,0.063,01.01.2025,0.025
1735781247,"Wen würden Sie wählen, wenn am Sonntag Bundestagswahl wäre?",0.158,0.311,0.129,0.04,0.2,0.032,0.013,0.054,0.063,02.01.2025,0.025
1735868157,"Wen würden Sie wählen, wenn am Sonntag Bundestagswahl wäre?",0.158,0.31,0.129,0.041,0.199,0.034,0.011,0.054,0.064,03.01.2025,0.025
1735954002,"Wen würden Sie wählen, wenn am Sonntag Bundestagswahl wäre?",0.158,0.312,0.128,0.041,0.199,0.033,0.012,0.056,0.061,04.01.2025,0.025
1736041319,"Wen würden Sie wählen, wenn am Sonntag Bundestagswahl wäre?",0.157,0.315,0.129,0.041,0.197,0.034,0.011,0.054,0.062,05.01.2025,0.025
1736127600,"Wen würden Sie wählen, wenn am Sonntag Bundestagswahl wäre?",0.156,0.317,0.129,0.041,0.192,0.032,0.011,0.06,0.062,06.01.2025,0.025
1736213801,"Wen würden Sie wählen, wenn am Sonntag Bundestagswahl wäre?",0.158,0.315,0.129,0.04,0.193,0.032,0.011,0.061,0.061,07.01.2025,0.025
1736300183,"Wen würden Sie wählen, wenn am Sonntag Bundestagswahl wäre?",0.157,0.318,0.128,0.038,0.191,0.031,0.011,0.064,0.062,08.01.2025,0.025
1736388285,"Wen würden Sie wählen, wenn am Sonntag Bundestagswahl wäre?",0.159,0.32,0.128,0.04,0.189,0.031,0.01,0.066,0.057,09.01.2025,0.025
1736473099,"Wen würden Sie wählen, wenn am Sonntag Bundestagswahl wäre?",0.154,0.318,0.132,0.04,0.189,0.031,0.01,0.062,0.064,10.01.2025,0.025
1736559363,"Wen würden Sie wählen, wenn am Sonntag Bundestagswahl wäre?",0.15,0.316,0.137,0.039,0.191,0.032,0.01,0.056,0.069,11.01.2025,0.025
1736646211,"Wen würden Sie wählen, wenn am Sonntag Bundestagswahl wäre?",0.151,0.313,0.139,0.038,0.188,0.034,0.013,0.055,0.069,12.01.2025,0.025
1736732438,"Wen würden Sie wählen, wenn am Sonntag Bundestagswahl wäre?",0.149,0.311,0.145,0.039,0.19,0.034,0.013,0.052,0.067,13.01.2025,0.025
1736817891,"Wen würden Sie wählen, wenn am Sonntag Bundestagswahl wäre?",0.15,0.311,0.145,0.038,0.195,0.034,0.012,0.047,0.068,14.01.2025,0.025
1736904386,"Wen würden Sie wählen, wenn am Sonntag Bundestagswahl wäre?",0.15,0.311,0.147,0.039,0.194,0.034,0.014,0.044,0.067,15.01.2025,0.025
1736990749,"Wen würden Sie wählen, wenn am Sonntag Bundestagswahl wäre?",0.147,0.312,0.146,0.037,0.199,0.035,0.012,0.046,0.066,16.01.2025,0.025
1737077130,"Wen würden Sie wählen, wenn am Sonntag Bundestagswahl wäre?",0.145,0.311,0.144,0.037,0.2,0.034,0.012,0.049,0.068,17.01.2025,0.025
1737163411,"Wen würden Sie wählen, wenn am Sonntag Bundestagswahl wäre?",0.142,0.314,0.142,0.035,0.202,0.033,0.013,0.05,0.069,18.01.2025,0.025
1737250731,"Wen würden Sie wählen, wenn am Sonntag Bundestagswahl wäre?",0.137,0.314,0.14,0.036,0.205,0.036,0.012,0.051,0.069,19.01.2025,0.025
1737336443,"Wen würden Sie wählen, wenn am Sonntag Bundestagswahl wäre?",0.137,0.312,0.138,0.037,0.207,0.036,0.012,0.051,0.07,20.01.2025,0.025
1737422749,"Wen würden Sie wählen, wenn am Sonntag Bundestagswahl wäre?",0.139,0.309,0.138,0.037,0.208,0.037,0.011,0.051,0.07,21.01.2025,0.025
1737509718,"Wen würden Sie wählen, wenn am Sonntag Bundestagswahl wäre?",0.14,0.313,0.134,0.038,0.207,0.039,0.012,0.049,0.068,22.01.2025,0.025
1737595572,"Wen würden Sie wählen, wenn am Sonntag Bundestagswahl wäre?",0.144,0.312,0.135,0.036,0.204,0.041,0.012,0.048,0.068,22.01.2025,0.025
1737681982,"Wen würden Sie wählen, wenn am Sonntag Bundestagswahl wäre?",0.144,0.314,0.136,0.037,0.203,0.042,0.012,0.048,0.064,24.01.2025,0.025
1737768159,"Wen würden Sie wählen, wenn am Sonntag Bundestagswahl wäre?",0.148,0.317,0.132,0.037,0.203,0.044,0.012,0.044,0.063,24.01.2025,0.025
1737855349,"Wen würden Sie wählen, wenn am Sonntag Bundestagswahl wäre?",0.147,0.318,0.13,0.035,0.207,0.042,0.011,0.043,0.067,26.01.2025,0.025
1737941247,"Wen würden Sie wählen, wenn am Sonntag Bundestagswahl wäre?",0.151,0.318,0.131,0.033,0.205,0.044,0.011,0.042,0.065,27.01.2025,0.025
1738027547,"Wen würden Sie wählen, wenn am Sonntag Bundestagswahl wäre?",0.154,0.327,0.126,0.032,0.203,0.044,0.01,0.043,0.061,28.01.2025,0.025
1738113949,"Wen würden Sie wählen, wenn am Sonntag Bundestagswahl wäre?",0.151,0.325,0.128,0.034,0.203,0.044,0.011,0.043,0.061,29.01.2025,0.025
1738200296,"Wen würden Sie wählen, wenn am Sonntag Bundestagswahl wäre?",0.15,0.319,0.13,0.036,0.205,0.044,0.012,0.042,0.062,30.01.2025,0.025
1738286788,"Wen würden Sie wählen, wenn am Sonntag Bundestagswahl wäre?",0.152,0.317,0.131,0.036,0.205,0.045,0.012,0.041,0.061,31.01.2025,0.025
1738373890,"Wen würden Sie wählen, wenn am Sonntag Bundestagswahl wäre?",0.154,0.308,0.134,0.037,0.206,0.045,0.012,0.044,0.06,01.02.2025,0.025
1738460231,"Wen würden Sie wählen, wenn am Sonntag Bundestagswahl wäre?",0.155,0.305,0.137,0.038,0.207,0.044,0.012,0.05,0.052,02.02.2025,0.025
1738546035,"Wen würden Sie wählen, wenn am Sonntag Bundestagswahl wäre?",0.158,0.301,0.137,0.039,0.207,0.046,0.012,0.05,0.05,03.02.2025,0.025
1738632377,"Wen würden Sie wählen, wenn am Sonntag Bundestagswahl wäre?",0.158,0.304,0.136,0.038,0.207,0.047,0.011,0.049,0.05,03.02.2025,0.025
1738718874,"Wen würden Sie wählen, wenn am Sonntag Bundestagswahl wäre?",0.157,0.299,0.136,0.041,0.208,0.048,0.011,0.047,0.053,05.02.2025,0.025
1738805723,"Wen würden Sie wählen, wenn am Sonntag Bundestagswahl wäre?",0.157,0.304,0.137,0.039,0.205,0.048,0.011,0.046,0.053,06.02.2025,0.025
1738892126,"Wen würden Sie wählen, wenn am Sonntag Bundestagswahl wäre?",0.157,0.302,0.139,0.04,0.204,0.05,0.008,0.044,0.056,07.02.2025,0.025
1738977907,"Wen würden Sie wählen, wenn am Sonntag Bundestagswahl wäre?",0.154,0.302,0.141,0.039,0.206,0.053,0.009,0.045,0.051,08.02.2025,0.025
1739065119,"Wen würden Sie wählen, wenn am Sonntag Bundestagswahl wäre?",0.152,0.298,0.141,0.039,0.204,0.056,0.01,0.048,0.052,09.02.2025,0.025
1739151387,"Wen würden Sie wählen, wenn am Sonntag Bundestagswahl wäre?",0.152,0.303,0.139,0.039,0.201,0.056,0.011,0.044,0.055,10.02.2025,0.025
1739237700,"Wen würden Sie wählen, wenn am Sonntag Bundestagswahl wäre?",0.152,0.31,0.138,0.038,0.2,0.055,0.011,0.041,0.055,11.02.2025,0.025
1739323672,"Wen würden Sie wählen, wenn am Sonntag Bundestagswahl wäre?",0.152,0.307,0.14,0.039,0.2,0.056,0.01,0.041,0.055,12.02.2025,0.025
1739410547,"Wen würden Sie wählen, wenn am Sonntag Bundestagswahl wäre?",0.15,0.304,0.137,0.04,0.2,0.059,0.01,0.044,0.056,13.02.2025,0.025
1739496912,"Wen würden Sie wählen, wenn am Sonntag Bundestagswahl wäre?",0.151,0.303,0.138,0.04,0.201,0.059,0.01,0.044,0.054,14.02.2025,0.025
1739582814,"Wen würden Sie wählen, wenn am Sonntag Bundestagswahl wäre?",0.153,0.301,0.14,0.04,0.203,0.057,0.01,0.047,0.049,15.02.2025,0.025
1739670103,"Wen würden Sie wählen, wenn am Sonntag Bundestagswahl wäre?",0.15,0.305,0.139,0.04,0.205,0.061,0.009,0.044,0.047,16.02.2025,0.025
1739756317,"Wen würden Sie wählen, wenn am Sonntag Bundestagswahl wäre?",0.154,0.301,0.136,0.041,0.207,0.064,0.01,0.044,0.043,17.02.2025,0.025
1739842512,"Wen würden Sie wählen, wenn am Sonntag Bundestagswahl wäre?",0.153,0.302,0.136,0.042,0.207,0.065,0.01,0.045,0.04,18.02.2025,0.025
1739928959,"Wen würden Sie wählen, wenn am Sonntag Bundestagswahl wäre?",0.155,0.297,0.135,0.045,0.21,0.067,0.01,0.043,0.038,19.02.2025,0.025
1740015389,"Wen würden Sie wählen, wenn am Sonntag Bundestagswahl wäre?",0.155,0.296,0.135,0.047,0.212,0.069,0.008,0.043,0.035,20.02.2025,0.025
1740101804,"Wen würden Sie wählen, wenn am Sonntag Bundestagswahl wäre?",0.154,0.297,0.136,0.046,0.211,0.07,0.009,0.042,0.035,20.02.2025,0.025
1740187581,"Wen würden Sie wählen, wenn am Sonntag Bundestagswahl wäre?",0.154,0.297,0.136,0.046,0.211,0.07,0.009,0.042,0.035,20.02.2025,0.025
1740274888,"Wen würden Sie wählen, wenn am Sonntag Bundestagswahl wäre?",0.154,0.297,0.136,0.046,0.211,0.07,0.009,0.042,0.035,20.02.2025,0.025
1740361143,"Wen würden Sie wählen, wenn am Sonntag Bundestagswahl wäre?",0.154,0.297,0.136,0.046,0.211,0.07,0.009,0.042,0.035,20.02.2025,0.025
1740447505,"Wen würden Sie wählen, wenn am Sonntag Bundestagswahl wäre?",0.154,0.297,0.136,0.046,0.211,0.07,0.009,0.042,0.035,20.02.2025,0.025
1740533874,"Wen würden Sie wählen, wenn am Sonntag Bundestagswahl wäre?",0.154,0.297,0.136,0.046,0.211,0.07,0.009,0.042,0.035,20.02.2025,0.025
1740620315,"Wen würden Sie wählen, wenn am Sonntag Bundestagswahl wäre?",0.164,0.283,0.13,0.05,0.203,0.072,0.01,0.042,0.046,27.02.2025,0.025
1740706721,"Wen würden Sie wählen, wenn am Sonntag Bundestagswahl wäre?",0.165,0.282,0.126,0.047,0.202,0.078,0.01,0.048,0.042,28.02.2025,0.025
1740793431,"Wen würden Sie wählen, wenn am Sonntag Bundestagswahl wäre?",0.166,0.281,0.126,0.047,0.201,0.08,0.01,0.048,0.041,01.03.2025,0.025
1740879768,"Wen würden Sie wählen, wenn am Sonntag Bundestagswahl wäre?",0.167,0.281,0.126,0.045,0.202,0.081,0.01,0.048,0.04,02.03.2025,0.025
1740966069,"Wen würden Sie wählen, wenn am Sonntag Bundestagswahl wäre?",0.166,0.281,0.126,0.044,0.203,0.083,0.01,0.047,0.04,03.03.2025,0.025
1741052397,"Wen würden Sie wählen, wenn am Sonntag Bundestagswahl wäre?",0.166,0.281,0.126,0.043,0.205,0.084,0.01,0.046,0.039,04.03.2025,0.025
1741138781,"Wen würden Sie wählen, wenn am Sonntag Bundestagswahl wäre?",0.164,0.282,0.126,0.041,0.208,0.085,0.01,0.046,0.038,05.03.2025,0.025
1741225208,"Wen würden Sie wählen, wenn am Sonntag Bundestagswahl wäre?",0.162,0.282,0.126,0.04,0.21,0.088,0.01,0.046,0.036,06.03.2025,0.025
1741311637,"Wen würden Sie wählen, wenn am Sonntag Bundestagswahl wäre?",0.161,0.283,0.126,0.04,0.211,0.088,0.01,0.046,0.035,07.03.2025,0.025
1741396446,"Wen würden Sie wählen, wenn am Sonntag Bundestagswahl wäre?",0.161,0.283,0.126,0.04,0.212,0.087,0.01,0.046,0.035,08.03.2025,0.025
1741483205,"Wen würden Sie wählen, wenn am Sonntag Bundestagswahl wäre?",0.16,0.283,0.126,0.04,0.213,0.087,0.01,0.046,0.035,09.03.2025,0.025
1741569479,"Wen würden Sie wählen, wenn am Sonntag Bundestagswahl wäre?",0.16,0.281,0.125,0.041,0.214,0.088,0.01,0.046,0.035,10.03.2025,0.025
1741657240,"Wen würden Sie wählen, wenn am Sonntag Bundestagswahl wäre?",0.16,0.279,0.125,0.041,0.214,0.088,0.01,0.047,0.036,11.03.2025,0.025
1741743583,"Wen würden Sie wählen, wenn am Sonntag Bundestagswahl wäre?",0.159,0.276,0.125,0.041,0.215,0.09,0.01,0.047,0.037,12.03.2025,0.025
1741830086,"Wen würden Sie wählen, wenn am Sonntag Bundestagswahl wäre?",0.156,0.274,0.125,0.041,0.217,0.092,0.01,0.046,0.039,13.03.2025,0.025
1741916370,"Wen würden Sie wählen, wenn am Sonntag Bundestagswahl wäre?",0.154,0.274,0.125,0.041,0.218,0.092,0.01,0.045,0.041,14.03.2025,0.025
1742002724,"Wen würden Sie wählen, wenn am Sonntag Bundestagswahl wäre?",0.154,0.273,0.125,0.041,0.219,0.092,0.01,0.044,0.042,15.03.2025,0.025
1742089585,"Wen würden Sie wählen, wenn am Sonntag Bundestagswahl wäre?",0.153,0.272,0.125,0.041,0.22,0.093,0.01,0.043,0.043,16.03.2025,0.025
1742175818,"Wen würden Sie wählen, wenn am Sonntag Bundestagswahl wäre?",0.153,0.271,0.125,0.04,0.222,0.093,0.01,0.043,0.043,17.03.2025,0.025
1742262105,"Wen würden Sie wählen, wenn am Sonntag Bundestagswahl wäre?",0.152,0.271,0.125,0.04,0.224,0.094,0.01,0.042,0.042,18.03.2025,0.025
1742348508,"Wen würden Sie wählen, wenn am Sonntag Bundestagswahl wäre?",0.152,0.27,0.125,0.039,0.226,0.095,0.01,0.041,0.042,19.03.2025,0.025
1742434845,"Wen würden Sie wählen, wenn am Sonntag Bundestagswahl wäre?",0.152,0.267,0.124,0.039,0.227,0.097,0.01,0.041,0.043,20.03.2025,0.025
1742521338,"Wen würden Sie wählen, wenn am Sonntag Bundestagswahl wäre?",0.151,0.264,0.124,0.039,0.23,0.097,0.01,0.042,0.043,21.03.2025,0.025
1742607588,"Wen würden Sie wählen, wenn am Sonntag Bundestagswahl wäre?",0.152,0.261,0.122,0.039,0.23,0.099,0.01,0.041,0.046,22.03.2025,0.025
1742694444,"Wen würden Sie wählen, wenn am Sonntag Bundestagswahl wäre?",0.153,0.259,0.12,0.039,0.233,0.099,0.01,0.041,0.046,23.03.2025,0.025
1742780729,"Wen würden Sie wählen, wenn am Sonntag Bundestagswahl wäre?",0.153,0.257,0.119,0.039,0.236,0.099,0.01,0.041,0.046,24.03.2025,0.025
1742866985,"Wen würden Sie wählen, wenn am Sonntag Bundestagswahl wäre?",0.152,0.26,0.119,0.038,0.235,0.099,0.01,0.041,0.046,25.03.2025,0.025
1742953342,"Wen würden Sie wählen, wenn am Sonntag Bundestagswahl wäre?",0.152,0.261,0.12,0.037,0.235,0.098,0.01,0.041,0.046,25.03.2025,0.025
1743039728,"Wen würden Sie wählen, wenn am Sonntag Bundestagswahl wäre?",0.153,0.261,0.12,0.037,0.236,0.097,0.009,0.042,0.045,27.03.2025,0.025
1743126142,"Wen würden Sie wählen, wenn am Sonntag Bundestagswahl wäre?",0.152,0.261,0.121,0.037,0.237,0.096,0.009,0.042,0.045,28.03.2025,0.025
1743212484,"Wen würden Sie wählen, wenn am Sonntag Bundestagswahl wäre?",0.151,0.26,0.122,0.037,0.237,0.096,0.009,0.042,0.046,29.03.2025,0.025
1743299378,"Wen würden Sie wählen, wenn am Sonntag Bundestagswahl wäre?",0.151,0.26,0.123,0.037,0.237,0.096,0.009,0.042,0.045,30.03.2025,0.025
1743385689,"Wen würden Sie wählen, wenn am Sonntag Bundestagswahl wäre?",0.151,0.261,0.124,0.037,0.234,0.096,0.009,0.042,0.046,31.03.2025,0.025
1743472455,"Wen würden Sie wählen, wenn am Sonntag Bundestagswahl wäre?",0.151,0.261,0.124,0.037,0.232,0.097,0.009,0.042,0.047,01.04.2025,0.025
1743558271,"Wen würden Sie wählen, wenn am Sonntag Bundestagswahl wäre?",0.151,0.262,0.123,0.037,0.23,0.098,0.01,0.042,0.047,02.04.2025,0.025
1743644580,"Wen würden Sie wählen, wenn am Sonntag Bundestagswahl wäre?",0.152,0.262,0.123,0.037,0.228,0.099,0.01,0.041,0.048,03.04.2025,0.025
1743730975,"Wen würden Sie wählen, wenn am Sonntag Bundestagswahl wäre?",0.152,0.261,0.122,0.038,0.228,0.099,0.01,0.041,0.049,04.04.2025,0.025
1743817283,"Wen würden Sie wählen, wenn am Sonntag Bundestagswahl wäre?",0.153,0.259,0.119,0.039,0.229,0.102,0.011,0.039,0.049,05.04.2025,0.025
1743904110,"Wen würden Sie wählen, wenn am Sonntag Bundestagswahl wäre?",0.156,0.26,0.117,0.039,0.228,0.102,0.011,0.039,0.048,06.04.2025,0.025
1743990383,"Wen würden Sie wählen, wenn am Sonntag Bundestagswahl wäre?",0.157,0.259,0.117,0.039,0.229,0.102,0.011,0.038,0.048,06.04.2025,0.025
1744076628,"Wen würden Sie wählen, wenn am Sonntag Bundestagswahl wäre?",0.157,0.257,0.117,0.039,0.231,0.102,0.011,0.038,0.048,08.04.2025,0.025
1744163036,"Wen würden Sie wählen, wenn am Sonntag Bundestagswahl wäre?",0.157,0.255,0.117,0.039,0.234,0.102,0.01,0.038,0.048,09.04.2025,0.025
1744249446,"Wen würden Sie wählen, wenn am Sonntag Bundestagswahl wäre?",0.158,0.256,0.117,0.038,0.234,0.102,0.009,0.038,0.048,10.04.2025,0.025
1744335872,"Wen würden Sie wählen, wenn am Sonntag Bundestagswahl wäre?",0.159,0.256,0.117,0.038,0.234,0.101,0.009,0.038,0.048,11.04.2025,0.025
1744422103,"Wen würden Sie wählen, wenn am Sonntag Bundestagswahl wäre?",0.158,0.256,0.117,0.038,0.235,0.101,0.009,0.038,0.048,12.04.2025,0.025
1744513832,"Wen würden Sie wählen, wenn am Sonntag Bundestagswahl wäre?",0.157,0.255,0.118,0.038,0.237,0.101,0.009,0.038,0.047,13.04.2025,0.025
1744595296,"Wen würden Sie wählen, wenn am Sonntag Bundestagswahl wäre?",0.156,0.255,0.119,0.038,0.238,0.101,0.009,0.037,0.047,14.04.2025,0.025
1744681632,"Wen würden Sie wählen, wenn am Sonntag Bundestagswahl wäre?",0.154,0.255,0.119,0.037,0.24,0.101,0.009,0.037,0.048,15.04.2025,0.025
1744768004,"Wen würden Sie wählen, wenn am Sonntag Bundestagswahl wäre?",0.153,0.255,0.119,0.037,0.241,0.101,0.009,0.036,0.049,16.04.2025,0.025
1744854308,"Wen würden Sie wählen, wenn am Sonntag Bundestagswahl wäre?",0.153,0.255,0.119,0.036,0.241,0.101,0.009,0.036,0.05,17.04.2025,0.025
1744940555,"Wen würden Sie wählen, wenn am Sonntag Bundestagswahl wäre?",0.154,0.256,0.118,0.036,0.24,0.101,0.009,0.035,0.051,18.04.2025,0.025
1745026859,"Wen würden Sie wählen, wenn am Sonntag Bundestagswahl wäre?",0.155,0.256,0.117,0.036,0.24,0.102,0.009,0.035,0.05,19.04.2025,0.025
1745113883,"Wen würden Sie wählen, wenn am Sonntag Bundestagswahl wäre?",0.153,0.256,0.116,0.036,0.243,0.102,0.009,0.035,0.05,20.04.2025,0.025
1745200232,"Wen würden Sie wählen, wenn am Sonntag Bundestagswahl wäre?",0.153,0.257,0.115,0.036,0.244,0.101,0.009,0.036,0.049,21.04.2025,0.025
1745286365,"Wen würden Sie wählen, wenn am Sonntag Bundestagswahl wäre?",0.153,0.26,0.115,0.036,0.243,0.101,0.009,0.036,0.047,22.04.2025,0.025
1745372785,"Wen würden Sie wählen, wenn am Sonntag Bundestagswahl wäre?",0.154,0.261,0.113,0.036,0.243,0.102,0.008,0.037,0.046,23.04.2025,0.025
1745459200,"Wen würden Sie wählen, wenn am Sonntag Bundestagswahl wäre?",0.153,0.261,0.112,0.036,0.244,0.102,0.008,0.038,0.046,24.04.2025,0.025
1745545639,"Wen würden Sie wählen, wenn am Sonntag Bundestagswahl wäre?",0.152,0.26,0.112,0.036,0.245,0.103,0.008,0.038,0.046,25.04.2025,0.025
1745631791,"Wen würden Sie wählen, wenn am Sonntag Bundestagswahl wäre?",0.15,0.259,0.111,0.037,0.247,0.103,0.008,0.039,0.046,26.04.2025,0.025
1745718718,"Wen würden Sie wählen, wenn am Sonntag Bundestagswahl wäre?",0.148,0.258,0.111,0.037,0.25,0.102,0.008,0.039,0.047,27.04.2025,0.025
1745805002,"Wen würden Sie wählen, wenn am Sonntag Bundestagswahl wäre?",0.148,0.257,0.109,0.037,0.252,0.102,0.008,0.039,0.048,28.04.2025,0.025
1745891280,"Wen würden Sie wählen, wenn am Sonntag Bundestagswahl wäre?",0.148,0.258,0.108,0.036,0.254,0.101,0.008,0.039,0.048,29.04.2025,0.025
1745977654,"Wen würden Sie wählen, wenn am Sonntag Bundestagswahl wäre?",0.149,0.258,0.108,0.036,0.255,0.1,0.008,0.039,0.047,30.04.2025,0.025
1746064574,"Wen würden Sie wählen, wenn am Sonntag Bundestagswahl wäre?",0.149,0.258,0.107,0.036,0.256,0.1,0.008,0.039,0.047,01.05.2025,0.025
1746150478,"Wen würden Sie wählen, wenn am Sonntag Bundestagswahl wäre?",0.149,0.259,0.108,0.036,0.255,0.099,0.008,0.039,0.047,01.05.2025,0.025
1746236738,"Wen würden Sie wählen, wenn am Sonntag Bundestagswahl wäre?",0.149,0.259,0.108,0.036,0.255,0.099,0.008,0.039,0.047,03.05.2025,0.025
1746323818,"Wen würden Sie wählen, wenn am Sonntag Bundestagswahl wäre?",0.149,0.259,0.108,0.036,0.255,0.099,0.008,0.039,0.047,04.05.2025,0.025
1746409945,"Wen würden Sie wählen, wenn am Sonntag Bundestagswahl wäre?",0.149,0.259,0.108,0.036,0.255,0.099,0.008,0.039,0.047,05.05.2025,0.025
1746496135,"Wen würden Sie wählen, wenn am Sonntag Bundestagswahl wäre?",0.151,0.26,0.107,0.035,0.254,0.099,0.008,0.037,0.049,06.05.2025,0.025
1746582569,"Wen würden Sie wählen, wenn am Sonntag Bundestagswahl wäre?",0.152,0.261,0.107,0.034,0.254,0.098,0.009,0.036,0.049,07.05.2025,0.025
1746668995,"Wen würden Sie wählen, wenn am Sonntag Bundestagswahl wäre?",0.153,0.262,0.108,0.034,0.252,0.098,0.008,0.036,0.049,08.05.2025,0.025
1746755354,"Wen würden Sie wählen, wenn am Sonntag Bundestagswahl wäre?",0.153,0.264,0.11,0.034,0.247,0.099,0.008,0.036,0.049,09.05.2025,0.025
1746841499,"Wen würden Sie wählen, wenn am Sonntag Bundestagswahl wäre?",0.154,0.266,0.109,0.034,0.245,0.099,0.008,0.036,0.049,10.05.2025,0.025
1746928506,"Wen würden Sie wählen, wenn am Sonntag Bundestagswahl wäre?",0.154,0.267,0.11,0.034,0.242,0.1,0.008,0.036,0.049,11.05.2025,0.025
1747014812,"Wen würden Sie wählen, wenn am Sonntag Bundestagswahl wäre?",0.155,0.269,0.11,0.034,0.239,0.1,0.008,0.036,0.049,12.05.2025,0.025
1747101050,"Wen würden Sie wählen, wenn am Sonntag Bundestagswahl wäre?",0.154,0.273,0.11,0.034,0.237,0.1,0.008,0.036,0.048,13.05.2025,0.025
1747187376,"Wen würden Sie wählen, wenn am Sonntag Bundestagswahl wäre?",0.154,0.275,0.11,0.034,0.235,0.1,0.008,0.036,0.048,14.05.2025,0.025
1747273667,"Wen würden Sie wählen, wenn am Sonntag Bundestagswahl wäre?",0.154,0.278,0.11,0.034,0.233,0.1,0.008,0.036,0.047,15.05.2025,0.025
1747360270,"Wen würden Sie wählen, wenn am Sonntag Bundestagswahl wäre?",0.154,0.279,0.109,0.034,0.229,0.102,0.008,0.036,0.049,16.05.2025,0.025
1747446459,"Wen würden Sie wählen, wenn am Sonntag Bundestagswahl wäre?",0.153,0.282,0.109,0.034,0.226,0.102,0.008,0.036,0.05,17.05.2025,0.025
1747533388,"Wen würden Sie wählen, wenn am Sonntag Bundestagswahl wäre?",0.153,0.28,0.11,0.034,0.225,0.102,0.009,0.036,0.051,18.05.2025,0.025
1747619740,"Wen würden Sie wählen, wenn am Sonntag Bundestagswahl wäre?",0.152,0.278,0.111,0.035,0.225,0.102,0.009,0.036,0.052,19.05.2025,0.025
1747705899,"Wen würden Sie wählen, wenn am Sonntag Bundestagswahl wäre?",0.151,0.276,0.113,0.035,0.225,0.101,0.009,0.036,0.054,20.05.2025,0.025
1747792264,"Wen würden Sie wählen, wenn am Sonntag Bundestagswahl wäre?",0.149,0.275,0.113,0.035,0.227,0.101,0.009,0.036,0.055,20.05.2025,0.025
1747878626,"Wen würden Sie wählen, wenn am Sonntag Bundestagswahl wäre?",0.149,0.274,0.113,0.035,0.227,0.102,0.009,0.036,0.055,22.05.2025,0.025
1747965015,"Wen würden Sie wählen, wenn am Sonntag Bundestagswahl wäre?",0.149,0.273,0.113,0.036,0.228,0.101,0.009,0.036,0.055,22.05.2025,0.025
1748051193,"Wen würden Sie wählen, wenn am Sonntag Bundestagswahl wäre?",0.15,0.271,0.114,0.036,0.229,0.1,0.009,0.036,0.055,24.05.2025,0.025
1748138342,"Wen würden Sie wählen, wenn am Sonntag Bundestagswahl wäre?",0.15,0.271,0.114,0.036,0.229,0.1,0.009,0.036,0.055,25.05.2025,0.025
1748224453,"Wen würden Sie wählen, wenn am Sonntag Bundestagswahl wäre?",0.15,0.272,0.113,0.036,0.23,0.099,0.009,0.036,0.055,26.05.2025,0.025
1748310575,"Wen würden Sie wählen, wenn am Sonntag Bundestagswahl wäre?",0.15,0.273,0.113,0.036,0.229,0.099,0.009,0.036,0.055,27.05.2025,0.025
1748397099,"Wen würden Sie wählen, wenn am Sonntag Bundestagswahl wäre?",0.151,0.273,0.112,0.037,0.228,0.099,0.009,0.036,0.055,28.05.2025,0.025
1748483484,"Wen würden Sie wählen, wenn am Sonntag Bundestagswahl wäre?",0.151,0.273,0.112,0.037,0.228,0.099,0.009,0.036,0.055,29.05.2025,0.025
1748569750,"Wen würden Sie wählen, wenn am Sonntag Bundestagswahl wäre?",0.152,0.274,0.111,0.037,0.228,0.099,0.009,0.037,0.053,30.05.2025,0.025
1748656138,"Wen würden Sie wählen, wenn am Sonntag Bundestagswahl wäre?",0.151,0.275,0.11,0.037,0.229,0.099,0.009,0.038,0.052,31.05.2025,0.025
1748743756,"Wen würden Sie wählen, wenn am Sonntag Bundestagswahl wäre?",0.151,0.277,0.109,0.037,0.23,0.098,0.009,0.039,0.05,01.06.2025,0.025
1748829401,"Wen würden Sie wählen, wenn am Sonntag Bundestagswahl wäre?",0.152,0.278,0.108,0.037,0.231,0.098,0.009,0.039,0.048,02.06.2025,0.025
1748915608,"Wen würden Sie wählen, wenn am Sonntag Bundestagswahl wäre?",0.152,0.278,0.108,0.037,0.232,0.098,0.009,0.039,0.047,03.06.2025,0.025
1749002011,"Wen würden Sie wählen, wenn am Sonntag Bundestagswahl wäre?",0.152,0.276,0.109,0.037,0.232,0.1,0.009,0.039,0.046,04.06.2025,0.025
1749088345,"Wen würden Sie wählen, wenn am Sonntag Bundestagswahl wäre?",0.152,0.273,0.111,0.037,0.233,0.101,0.009,0.038,0.046,05.06.2025,0.025
1749174690,"Wen würden Sie wählen, wenn am Sonntag Bundestagswahl wäre?",0.153,0.269,0.113,0.037,0.235,0.102,0.009,0.038,0.044,06.06.2025,0.025
1749261052,"Wen würden Sie wählen, wenn am Sonntag Bundestagswahl wäre?",0.152,0.269,0.114,0.037,0.234,0.104,0.009,0.037,0.044,07.06.2025,0.025
1749348091,"Wen würden Sie wählen, wenn am Sonntag Bundestagswahl wäre?",0.15,0.272,0.114,0.036,0.233,0.105,0.009,0.036,0.045,08.06.2025,0.025
1749434331,"Wen würden Sie wählen, wenn am Sonntag Bundestagswahl wäre?",0.149,0.275,0.114,0.036,0.231,0.107,0.009,0.035,0.044,09.06.2025,0.025
1749520489,"Wen würden Sie wählen, wenn am Sonntag Bundestagswahl wäre?",0.147,0.279,0.113,0.037,0.228,0.107,0.009,0.035,0.045,10.06.2025,0.025
1749606853,"Wen würden Sie wählen, wenn am Sonntag Bundestagswahl wäre?",0.145,0.283,0.114,0.037,0.227,0.107,0.009,0.034,0.044,11.06.2025,0.025
1749693173,"Wen würden Sie wählen, wenn am Sonntag Bundestagswahl wäre?",0.145,0.287,0.114,0.037,0.224,0.106,0.009,0.034,0.044,12.06.2025,0.025
1749779628,"Wen würden Sie wählen, wenn am Sonntag Bundestagswahl wäre?",0.146,0.291,0.113,0.036,0.221,0.105,0.009,0.035,0.044,13.06.2025,0.025
1749865785,"Wen würden Sie wählen, wenn am Sonntag Bundestagswahl wäre?",0.148,0.293,0.113,0.035,0.221,0.103,0.009,0.035,0.043,14.06.2025,0.025
1749953021,"Wen würden Sie wählen, wenn am Sonntag Bundestagswahl wäre?",0.148,0.294,0.113,0.035,0.221,0.101,0.009,0.036,0.043,15.06.2025,0.025
1750039054,"Wen würden Sie wählen, wenn am Sonntag Bundestagswahl wäre?",0.148,0.295,0.113,0.035,0.221,0.1,0.009,0.036,0.043,16.06.2025,0.025
1750125266,"Wen würden Sie wählen, wenn am Sonntag Bundestagswahl wäre?",0.148,0.295,0.113,0.035,0.22,0.101,0.009,0.036,0.043,17.06.2025,0.025
1750211624,"Wen würden Sie wählen, wenn am Sonntag Bundestagswahl wäre?",0.149,0.295,0.113,0.035,0.22,0.1,0.009,0.035,0.044,18.06.2025,0.025
1750298079,"Wen würden Sie wählen, wenn am Sonntag Bundestagswahl wäre?",0.149,0.295,0.113,0.036,0.22,0.099,0.009,0.035,0.044,19.06.2025,0.025
1750384414,"Wen würden Sie wählen, wenn am Sonntag Bundestagswahl wäre?",0.149,0.294,0.113,0.036,0.221,0.099,0.009,0.035,0.044,20.06.2025,0.025
1750470686,"Wen würden Sie wählen, wenn am Sonntag Bundestagswahl wäre?",0.149,0.294,0.113,0.036,0.221,0.098,0.009,0.035,0.045,21.06.2025,0.025
1750557776,"Wen würden Sie wählen, wenn am Sonntag Bundestagswahl wäre?",0.149,0.293,0.112,0.036,0.222,0.098,0.009,0.036,0.045,22.06.2025,0.025
1750644071,"Wen würden Sie wählen, wenn am Sonntag Bundestagswahl wäre?",0.149,0.293,0.112,0.036,0.222,0.099,0.009,0.036,0.044,23.06.2025,0.025
1750730123,"Wen würden Sie wählen, wenn am Sonntag Bundestagswahl wäre?",0.15,0.292,0.112,0.037,0.222,0.099,0.009,0.036,0.043,24.06.2025,0.025
1750816525,"Wen würden Sie wählen, wenn am Sonntag Bundestagswahl wäre?",0.15,0.29,0.112,0.037,0.223,0.1,0.009,0.036,0.043,25.06.2025,0.025
1750902848,"Wen würden Sie wählen, wenn am Sonntag Bundestagswahl wäre?",0.151,0.289,0.111,0.038,0.223,0.1,0.009,0.036,0.043,26.06.2025,0.025
1750989332,"Wen würden Sie wählen, wenn am Sonntag Bundestagswahl wäre?",0.151,0.287,0.111,0.038,0.223,0.101,0.009,0.037,0.043,27.06.2025,0.025
1751075465,"Wen würden Sie wählen, wenn am Sonntag Bundestagswahl wäre?",0.15,0.286,0.111,0.037,0.224,0.102,0.009,0.037,0.044,28.06.2025,0.025
1751162709,"Wen würden Sie wählen, wenn am Sonntag Bundestagswahl wäre?",0.149,0.284,0.112,0.037,0.225,0.103,0.009,0.037,0.044,29.06.2025,0.025
1751248813,"Wen würden Sie wählen, wenn am Sonntag Bundestagswahl wäre?",0.149,0.283,0.112,0.037,0.225,0.104,0.009,0.037,0.044,30.06.2025,0.025
1751335557,"Wen würden Sie wählen, wenn am Sonntag Bundestagswahl wäre?",0.149,0.28,0.113,0.037,0.227,0.104,0.009,0.037,0.044,01.07.2025,0.025
1751421290,"Wen würden Sie wählen, wenn am Sonntag Bundestagswahl wäre?",0.147,0.28,0.114,0.037,0.228,0.104,0.009,0.037,0.044,02.07.2025,0.025
1751507710,"Wen würden Sie wählen, wenn am Sonntag Bundestagswahl wäre?",0.145,0.279,0.116,0.037,0.23,0.104,0.009,0.036,0.044,03.07.2025,0.025
1751594087,"Wen würden Sie wählen, wenn am Sonntag Bundestagswahl wäre?",0.143,0.279,0.117,0.037,0.231,0.104,0.009,0.036,0.044,04.07.2025,0.025
1751680236,"Wen würden Sie wählen, wenn am Sonntag Bundestagswahl wäre?",0.142,0.278,0.118,0.036,0.233,0.104,0.009,0.036,0.044,05.07.2025,0.025
1751767420,"Wen würden Sie wählen, wenn am Sonntag Bundestagswahl wäre?",0.142,0.277,0.118,0.036,0.234,0.104,0.009,0.036,0.044,06.07.2025,0.025
1751853644,"Wen würden Sie wählen, wenn am Sonntag Bundestagswahl wäre?",0.141,0.275,0.118,0.036,0.236,0.104,0.009,0.036,0.045,07.07.2025,0.025
1751939742,"Wen würden Sie wählen, wenn am Sonntag Bundestagswahl wäre?",0.139,0.274,0.118,0.036,0.238,0.103,0.01,0.036,0.046,08.07.2025,0.025
1752026217,"Wen würden Sie wählen, wenn am Sonntag Bundestagswahl wäre?",0.137,0.273,0.118,0.035,0.24,0.103,0.01,0.037,0.047,09.07.2025,0.025
1752112626,"Wen würden Sie wählen, wenn am Sonntag Bundestagswahl wäre?",0.136,0.271,0.118,0.035,0.242,0.103,0.01,0.038,0.047,10.07.2025,0.025
1752199163,"Wen würden Sie wählen, wenn am Sonntag Bundestagswahl wäre?",0.134,0.271,0.117,0.034,0.244,0.103,0.011,0.039,0.047,11.07.2025,0.025
1752285619,"Wen würden Sie wählen, wenn am Sonntag Bundestagswahl wäre?",0.133,0.271,0.116,0.034,0.247,0.103,0.011,0.039,0.046,11.07.2025,0.025
1752372528,"Wen würden Sie wählen, wenn am Sonntag Bundestagswahl wäre?",0.132,0.272,0.114,0.033,0.251,0.103,0.011,0.039,0.045,13.07.2025,0.025
1752458650,"Wen würden Sie wählen, wenn am Sonntag Bundestagswahl wäre?",0.132,0.271,0.113,0.033,0.252,0.104,0.011,0.039,0.045,14.07.2025,0.025
1752545028,"Wen würden Sie wählen, wenn am Sonntag Bundestagswahl wäre?",0.132,0.271,0.114,0.032,0.252,0.105,0.011,0.039,0.044,15.07.2025,0.025
1752631242,"Wen würden Sie wählen, wenn am Sonntag Bundestagswahl wäre?",0.132,0.272,0.114,0.032,0.251,0.106,0.011,0.038,0.044,16.07.2025,0.025
1752717664,"Wen würden Sie wählen, wenn am Sonntag Bundestagswahl wäre?",0.133,0.271,0.115,0.032,0.249,0.106,0.011,0.038,0.045,17.07.2025,0.025
1752804174,"Wen würden Sie wählen, wenn am Sonntag Bundestagswahl wäre?",0.133,0.27,0.116,0.032,0.248,0.106,0.011,0.038,0.046,18.07.2025,0.025
1752890208,"Wen würden Sie wählen, wenn am Sonntag Bundestagswahl wäre?",0.134,0.269,0.116,0.032,0.248,0.106,0.011,0.038,0.046,19.07.2025,0.025
1752977423,"Wen würden Sie wählen, wenn am Sonntag Bundestagswahl wäre?",0.136,0.268,0.116,0.032,0.247,0.106,0.011,0.037,0.047,20.07.2025,0.025
1753063651,"Wen würden Sie wählen, wenn am Sonntag Bundestagswahl wäre?",0.137,0.268,0.116,0.033,0.245,0.105,0.011,0.037,0.048,21.07.2025,0.025
1753149714,"Wen würden Sie wählen, wenn am Sonntag Bundestagswahl wäre?",0.137,0.268,0.116,0.032,0.245,0.105,0.011,0.037,0.049,22.07.2025,0.025
1753236173,"Wen würden Sie wählen, wenn am Sonntag Bundestagswahl wäre?",0.137,0.268,0.116,0.032,0.245,0.106,0.011,0.037,0.048,23.07.2025,0.025
1753322513,"Wen würden Sie wählen, wenn am Sonntag Bundestagswahl wäre?",0.137,0.268,0.115,0.032,0.246,0.106,0.011,0.037,0.048,24.07.2025,0.025
1753408902,"Wen würden Sie wählen, wenn am Sonntag Bundestagswahl wäre?",0.136,0.269,0.114,0.032,0.248,0.106,0.011,0.037,0.047,25.07.2025,0.025
1753495077,"Wen würden Sie wählen, wenn am Sonntag Bundestagswahl wäre?",0.137,0.27,0.114,0.031,0.249,0.106,0.011,0.037,0.045,26.07.2025,0.025
1753582276,"Wen würden Sie wählen, wenn am Sonntag Bundestagswahl wäre?",0.137,0.272,0.114,0.031,0.249,0.106,0.011,0.037,0.043,27.07.2025,0.025
1753668515,"Wen würden Sie wählen, wenn am Sonntag Bundestagswahl wäre?",0.137,0.274,0.114,0.03,0.249,0.106,0.011,0.037,0.042,28.07.2025,0.025
1753755600,"Wen würden Sie wählen, wenn am Sonntag Bundestagswahl wäre?",0.137,0.273,0.115,0.03,0.248,0.107,0.011,0.037,0.042,29.07.2025,0.025
1753841085,"Wen würden Sie wählen, wenn am Sonntag Bundestagswahl wäre?",0.137,0.273,0.115,0.03,0.247,0.107,0.011,0.038,0.042,30.07.2025,0.025
1753927452,"Wen würden Sie wählen, wenn am Sonntag Bundestagswahl wäre?",0.137,0.273,0.115,0.031,0.246,0.107,0.011,0.038,0.042,31.07.2025,0.025
1754014862,"Wen würden Sie wählen, wenn am Sonntag Bundestagswahl wäre?",0.139,0.271,0.115,0.03,0.243,0.109,0.011,0.039,0.043,01.08.2025,0.025
1754099907,"Wen würden Sie wählen, wenn am Sonntag Bundestagswahl wäre?",0.14,0.27,0.115,0.031,0.242,0.108,0.011,0.039,0.044,02.08.2025,0.025
1754187567,"Wen würden Sie wählen, wenn am Sonntag Bundestagswahl wäre?",0.141,0.269,0.116,0.031,0.24,0.108,0.011,0.039,0.045,03.08.2025,0.025
1754273958,"Wen würden Sie wählen, wenn am Sonntag Bundestagswahl wäre?",0.141,0.268,0.115,0.032,0.24,0.108,0.011,0.04,0.045,04.08.2025,0.025
1754359642,"Wen würden Sie wählen, wenn am Sonntag Bundestagswahl wäre?",0.14,0.267,0.116,0.032,0.24,0.107,0.011,0.041,0.046,05.08.2025,0.025
1754445925,"Wen würden Sie wählen, wenn am Sonntag Bundestagswahl wäre?",0.14,0.266,0.115,0.033,0.242,0.106,0.011,0.041,0.046,06.08.2025,0.025
1754532357,"Wen würden Sie wählen, wenn am Sonntag Bundestagswahl wäre?",0.14,0.266,0.115,0.033,0.242,0.106,0.011,0.041,0.046,07.08.2025,0.025
1754618719,"Wen würden Sie wählen, wenn am Sonntag Bundestagswahl wäre?",0.14,0.265,0.115,0.034,0.243,0.105,0.011,0.04,0.047,08.08.2025,0.025
1754704473,"Wen würden Sie wählen, wenn am Sonntag Bundestagswahl wäre?",0.141,0.263,0.115,0.035,0.245,0.103,0.011,0.038,0.049,09.08.2025,0.025
1754791749,"Wen würden Sie wählen, wenn am Sonntag Bundestagswahl wäre?",0.14,0.261,0.115,0.035,0.247,0.104,0.011,0.038,0.049,10.08.2025,0.025
1754877926,"Wen würden Sie wählen, wenn am Sonntag Bundestagswahl wäre?",0.14,0.26,0.115,0.035,0.248,0.103,0.011,0.038,0.05,11.08.2025,0.025
1754963618,"Wen würden Sie wählen, wenn am Sonntag Bundestagswahl wäre?",0.138,0.261,0.115,0.035,0.249,0.104,0.011,0.037,0.05,12.08.2025,0.025
